(0, 50, 0), (90, 100, 0), (90, 50, 0), (90, 100, 0), (90, 0 , 1)
(90, 50, 1), (225, 70.71067811865476, 0), (135, 100, 0), (90, 50, 1), (90, 100, 1), (90, 0 , 1)
(0, 50, 0), (90, 50, 0), (45, 70.71067811865476, 0), (225, 50, 0), (180, 50, 1), (90, 100, 1), (90, 0 , 1)
(0, 50, 0), (135, 70.71067811865476, 0), (225, 50, 0), (135, 70.71067811865476, 0), (135, 100, 1), (90, 0 , 1)
(90, 50, 0), (270, 50, 0), (270, 50, 1), (180, 100, 0), (90, 50, 1), (90, 100, 1), (90, 0 , 1)
(0,50, 1), (180, 50, 0), (270, 50, 0), (270, 50, 0), (90, 50, 0), (90, 50, 0), (90, 100, 1), (90, 0 , 1)
(0, 50, 1), (135, 70.71067811865476, 0), (225, 50, 0), (90, 50, 0), (90, 50, 0), (90, 50, 0), (0, 50, 1), (90, 0 , 1)
(0, 50, 0), (135, 70.71067811865476, 0), (315, 50, 0), (180, 100, 1), (90, 0 , 1)
(0, 50, 0), (90, 100, 0), (90, 50, 0), (90, 50, 0), (90, 50, 0), (180, 50, 1), (90, 50, 0), (90, 0 , 1)
(0, 50, 0), (90, 50, 0), (45, 70.71067811865476, 0), (135, 50, 1), (90, 50, 0), (180, 50, 1), (90, 50, 0), (90, 0 , 1)
(0,50, 0), (90, 50, 0), (0, 50, 0), (90, 50, 0), (90, 50, 0), (0, 50, 0), (90, 50, 1), (135, 70.71067811865476, 0), (225, 50, 0), (135, 70.71067811865476, 0), (135, 100, 1), (90, 0 , 1)
